48 -> (-1, -1)
0 -> (2, 0)
37 -> (-1, -1)
24 -> (-1, -1)
48 -> (-1, -1)
0 -> (2, 0)
37 -> (-1, -1)
24 -> (-1, -1)
57 -> (-1, -1)
21 -> (-1, -1)
0 -> (2, 0)
22 -> (-1, -1)
24 -> (-1, -1)
57 -> (-1, -1)
21 -> (-1, -1)
0 -> (3, 0)
22 -> (-1, -1)
24 -> (-1, -1)
60 -> (-1, -1)
21 -> (-1, -1)
0 -> (2, 0)
12 -> (-1, -1)
0 -> (3, 0)
22 -> (-1, -1)
19 -> (-1, -1)
52 -> (-1, -1)
21 -> (-1, -1)
0 -> (2, 0)
10 -> (-1, -1)
0 -> (3, 0)
22 -> (-1, -1)
19 -> (-1, -1)
0 -> (2, 0)
6 -> (-1, -1)
0 -> (2, 0)
3 -> (-1, -1)
0 -> (3, 0)
24 -> (-1, -1)
20 -> (-1, -1)
50 -> (-1, -1)
19 -> (-1, -1)
0 -> (3, 0)
6 -> (-1, -1)
0 -> (3, 0)
3 -> (-1, -1)
0 -> (2, 0)
24 -> (-1, -1)
20 -> (-1, -1)
20 -> (-1, -1)
61 -> (-1, -1)
21 -> (-1, -1)
0 -> (2, 0)
22 -> (-1, -1)
24 -> (-1, -1)
