48 -> (-1, -1)
0 -> (15, 0)
37 -> (-1, -1)
24 -> (-1, -1)
57 -> (-1, -1)
21 -> (-1, -1)
0 -> (15, 0)
22 -> (-1, -1)
24 -> (-1, -1)
48 -> (-1, -1)
0 -> (2, 0)
17 -> (-1, -1)
0 -> (15, 0)
18 -> (-1, -1)
28 -> (-1, -1)
17 -> (-1, -1)
37 -> (-1, -1)
18 -> (-1, -1)
24 -> (-1, -1)
51 -> (-1, -1)
0 -> (10, 0)
36 -> (-1, -1)
21 -> (-1, -1)
1 -> (10, 0)
23 -> (-1, -1)
0 -> (15, 0)
22 -> (-1, -1)
19 -> (-1, -1)
57 -> (-1, -1)
21 -> (-1, -1)
0 -> (2, 0)
17 -> (-1, -1)
0 -> (10, 0)
18 -> (-1, -1)
22 -> (-1, -1)
24 -> (-1, -1)
20 -> (-1, -1)
48 -> (-1, -1)
0 -> (18, 0)
37 -> (-1, -1)
24 -> (-1, -1)
0 -> (18, 0)
6 -> (-1, -1)
1 -> (10, 0)
24 -> (-1, -1)
51 -> (-1, -1)
0 -> (10, 0)
36 -> (-1, -1)
21 -> (-1, -1)
1 -> (10, 0)
23 -> (-1, -1)
0 -> (15, 0)
22 -> (-1, -1)
19 -> (-1, -1)
0 -> (18, 0)
2 -> (-1, -1)
6 -> (-1, -1)
0 -> (2, 0)
17 -> (-1, -1)
0 -> (10, 0)
18 -> (-1, -1)
24 -> (-1, -1)
20 -> (-1, -1)
61 -> (-1, -1)
21 -> (-1, -1)
0 -> (18, 0)
22 -> (-1, -1)
24 -> (-1, -1)
